00000000000000000000000000000000 60 00000000000000000000000000000000 00 00000000000000000000000000000000 00000400 00000000 00000000 00200200       lo
00000000000000000000ffff00000000 60 00000000000000000000000000000000 00 00000000000000000000000000000000 00000400 00000000 00000000 00200200       lo
20020a00000000000000000000000000 18 00000000000000000000000000000000 00 00000000000000000000000000000000 00000400 00000000 00000000 00200200       lo
20027f00000000000000000000000000 18 00000000000000000000000000000000 00 00000000000000000000000000000000 00000400 00000000 00000000 00200200       lo
2002a9fe000000000000000000000000 20 00000000000000000000000000000000 00 00000000000000000000000000000000 00000400 00000000 00000000 00200200       lo
2002ac10000000000000000000000000 1c 00000000000000000000000000000000 00 00000000000000000000000000000000 00000400 00000000 00000000 00200200       lo
2002c0a8000000000000000000000000 20 00000000000000000000000000000000 00 00000000000000000000000000000000 00000400 00000000 00000000 00200200       lo
2002e000000000000000000000000000 13 00000000000000000000000000000000 00 00000000000000000000000000000000 00000400 00000000 00000000 00200200       lo
3ffeffff000000000000000000000000 20 00000000000000000000000000000000 00 00000000000000000000000000000000 00000400 00000000 00000000 00200200       lo
fe800000000000000000000000000000 40 00000000000000000000000000000000 00 00000000000000000000000000000000 00000100 00000000 00000000 00000001     eth0
fe800000000000000000000000000000 40 00000000000000000000000000000000 00 00000000000000000000000000000000 00000100 00000000 00000000 00000001     eth1
fe800000000000000000000000000000 40 00000000000000000000000000000000 00 00000000000000000000000000000000 00000100 00000000 00000000 00000001     eth2
00000000000000000000000000000000 00 00000000000000000000000000000000 00 00000000000000000000000000000000 ffffffff 00000001 000007d6 00200200       lo
00000000000000000000000000000001 80 00000000000000000000000000000000 00 00000000000000000000000000000000 00000000 00000001 0001bf64 80200001       lo
fe80000000000000f8163efffe1b930d 80 00000000000000000000000000000000 00 00000000000000000000000000000000 00000000 00000001 00000000 80200001       lo
fe80000000000000f8163efffe290975 80 00000000000000000000000000000000 00 00000000000000000000000000000000 00000000 00000001 00000000 80200001       lo
fe80000000000000f8163efffe3aba73 80 00000000000000000000000000000000 00 00000000000000000000000000000000 00000000 00000001 00000000 80200001       lo
ff000000000000000000000000000000 08 00000000000000000000000000000000 00 00000000000000000000000000000000 00000100 00000000 00000000 00000001     eth0
ff000000000000000000000000000000 08 00000000000000000000000000000000 00 00000000000000000000000000000000 00000100 00000000 00000000 00000001     eth1
ff000000000000000000000000000000 08 00000000000000000000000000000000 00 00000000000000000000000000000000 00000100 00000000 00000000 00000001     eth2
00000000000000000000000000000000 00 00000000000000000000000000000000 00 00000000000000000000000000000000 ffffffff 00000001 000007d6 00200200       lo
