Num       RefCount Protocol Flags    Type St Inode Path
ffff880037b0a3c0: 0000001F 00000000 00000000 0002 01 10518 /dev/log
ffff88007d4a72c0: 00000002 00000000 00010000 0001 01 9714041 /var/run/tdaf-accounts/accounts-backend-1.sock
ffff880037b0a080: 00000002 00000000 00010000 0001 01 9714043 /var/run/tdaf-accounts/accounts-backend-2.sock
ffff88007d0a9b00: 00000002 00000000 00010000 0001 01 9714045 /var/run/tdaf-accounts/accounts-backend-3.sock
ffff88007d93dac0: 00000002 00000000 00010000 0001 01 9715353 /var/run/tdaf-accounts/accounts-frontend-1.sock
ffff88007d0a8100: 00000002 00000000 00010000 0001 01 9715355 /var/run/tdaf-accounts/accounts-frontend-2.sock
ffff880037b0aa40: 00000002 00000000 00010000 0001 01 10628 /var/run/rpcbind.sock
ffff88007d513b00: 00000002 00000000 00010000 0001 01 10899 /var/run/acpid.socket
ffff880037b0b400: 00000002 00000000 00010000 0001 01  8178 @/com/ubuntu/upstart
ffff880037b0b740: 00000002 00000000 00000000 0002 01  8597 @/org/kernel/udev/udevd
ffff88007a825600: 00000002 00000000 00010000 0001 01 9748211 /var/run/tdaf-api-cyclops-agent/supervisor.sock.24782
ffff88007d4b6480: 00000002 00000000 00010000 0001 01 48284 /var/run/nscd/socket
ffff88007a824280: 00000003 00000000 00000000 0001 03 13290265
ffff88007a825c80: 00000003 00000000 00000000 0001 03 13290264
ffff88007a825940: 00000002 00000000 00000000 0002 01 13290261
ffff88007c9df600: 00000002 00000000 00000000 0002 01 13284944
ffff88007d93cdc0: 00000002 00000000 00000000 0001 03 9744641
ffff88007bcac480: 00000002 00000000 00000000 0001 03 9744517
ffff88007a8245c0: 00000003 00000000 00000000 0001 03 9716550
ffff88007d512780: 00000003 00000000 00000000 0001 03 9716549
ffff88007bcacb00: 00000003 00000000 00000000 0001 03 9715379
ffff88007bcace40: 00000003 00000000 00000000 0001 03 9715378
ffff88007bcad180: 00000003 00000000 00000000 0001 03 9715377
ffff88007bcad4c0: 00000003 00000000 00000000 0001 03 9715376
ffff88007bcad800: 00000003 00000000 00000000 0001 03 9715375
ffff88007bcadb40: 00000003 00000000 00000000 0001 03 9715374
ffff88007d0a8780: 00000003 00000000 00000000 0001 03 9714076
ffff88007d0a8ac0: 00000003 00000000 00000000 0001 03 9714075
ffff88007d0a8e00: 00000003 00000000 00000000 0001 03 9714067
ffff88007d0a9140: 00000003 00000000 00000000 0001 03 9714066
ffff88007d0a9480: 00000003 00000000 00000000 0001 03 9714065
ffff88007d0a97c0: 00000003 00000000 00000000 0001 03 9714064
ffff88007d93d780: 00000002 00000000 00000000 0002 01 9699349
ffff88007c9de900: 00000003 00000000 00000000 0001 03 232602
ffff88007a824900: 00000003 00000000 00000000 0001 03 232601
ffff88007d93c0c0: 00000002 00000000 00000000 0002 01 79201
ffff88007d4a6900: 00000002 00000000 00000000 0002 01 79200
ffff88007d93c400: 00000002 00000000 00000000 0002 01 79199
ffff88007d93c740: 00000002 00000000 00000000 0002 01 79198
ffff88007d93ca80: 00000002 00000000 00000000 0002 01 79197
ffff88007d4b6140: 00000002 00000000 00000000 0002 01 79196
ffff88007d4a7600: 00000002 00000000 00000000 0002 01 79195
ffff88007d4b7180: 00000002 00000000 00000000 0002 01 79194
ffff88007d4b74c0: 00000002 00000000 00000000 0002 01 78153
ffff88007d4b7800: 00000002 00000000 00000000 0002 01 78152
ffff88007d4a7c80: 00000002 00000000 00000000 0002 01 78151
ffff88007d4a7940: 00000002 00000000 00000000 0002 01 78150
ffff88007d4a6280: 00000002 00000000 00000000 0002 01 78149
ffff88007d4a6f80: 00000002 00000000 00000000 0002 01 78148
ffff88007d93d440: 00000002 00000000 00000000 0002 01 78147
ffff88007d93d100: 00000002 00000000 00000000 0002 01 78146
ffff88007d4b7b40: 00000002 00000000 00000000 0002 01 48283
ffff880037b0b0c0: 00000002 00000000 00000000 0002 01 39554
ffff88007d4b6e40: 00000002 00000000 00000000 0002 01 15153
ffff88007d4b67c0: 00000002 00000000 00000000 0002 01 15059
ffff88007d4b6b00: 00000002 00000000 00000000 0002 01 14942
ffff88007d512ac0: 00000002 00000000 00000000 0002 01 11966
ffff88007d513480: 00000002 00000000 00000000 0002 01 11792
ffff88007d513140: 00000002 00000000 00000000 0002 01 11748
ffff88007d5137c0: 00000002 00000000 00000000 0002 01 10906
ffff880037b0a700: 00000002 00000000 00000000 0002 01 10722
ffff880037b0ad80: 00000003 00000000 00000000 0002 01  8613
ffff880037b0ba80: 00000003 00000000 00000000 0002 01  8612
